2975131027
1862702077
2961886166
1769979571
2955258758
2955258474
2953155398
2950620557
2938179072
386037981
749204314
749204155
2246968419
551601660
551601039
864440291
551602361
2626500543
190571877
1909130279
1909130273
1909130260
1743283193
2869642805
2180358154
2806182106
2806182100
2806181384
2806181347
2806181342
2805693161
2805693140
2805686719
2805686716
2805686695
2798543806
2798543771
2798543723
2798543645
2798543547
2798535969
2798535935
2798535888
2798535811
2798535712
2798528043
2798528011
2798527963
2798527887
2798527789
