2798520075
2798520040
2798519993
2798519917
2798519820
2798512203
2798512168
2798512120
2798512042
2798511944
2798504362
2798504326
2798504278
2798504199
2798504101
1729862774
1729862773
2738722463
2738707024
2734884809
2734884490
2689132608
2689132343
2689126434
2625660825
2484056882
2484056878
2482133401
2482133399
2457590935
2451069687
2451064977
2446612000
2446611825
2446611583
2446600627
2446600560
2446600353
2446595456
2446590412
2436998637
2283083991
2216306863
781870134
1968854363
1968854128
1952964832
1938982004
1938987024
1904430148
