1904430131
1904429967
1858328526
1858325318
1858325264
1858324801
1120697901
549438035
549438030
549438025
115498175
86450748
1811126468
1808199801
1808199660
1345537338
1345537315
1345446794
1345446730
1345442081
1345442016
1345441891
1806784859
1806784634
1769907723
1769907717
1769907709
1741091901
1717884489
1681072946
1681072856
1543441472
1543441466
1543327251
1543327248
1481147275
1394604954
1394604723
1192712031
1175658110
1162268134
1162268053
1150438366
1150438307
1095437747
1095437733
1095437712
788578180
766905040
748410649
