402819039
402818821
2938382655
2870388083
3257599846
3257599845
3257599844
1353424247
1353424246
1353424245
1847248663
1847248662
2482336887
2482336886
3225948615
1198960116
1165777226
1165777215
1096255725
1096255724
1096255723
3200935154
3200935143
3182351473
1939356684
1969179726
1969179723
2246934809
3133987406
2867808414
2867808413
2867808412
2867808411
2867808410
2867808381
2867808380
2867808379
2867808378
2867808377
2867808324
2867808323
2867808322
2867808321
2867808320
2867808264
2867808263
2867808262
2867808261
2867808260
2867808186
