2867808185
2867808184
2867808183
2867808182
2867808009
2867808008
2867808007
2867808006
2867808005
1150804036
1150804035
754848906
2154544455
2154544422
2154544410
2154544391
2154544384
2154544358
1769971468
2181078199
1811151244
1811151241
190410538
767005660
2710986366
2083078521
2577033890
2576975610
2576975607
2576975606
1606798531
1606798526
1606798519
1606798513
1606798505
1606798495
3006142564
3002967937
3002618549
3002473737
3000152387
983471122
2739123907
2739121129
1482805138
1960629396
2735555313
2735555312
1915260565
1914786289
