2283635233
2552711522
2552711494
1035502358
3365208248
1178522322
3007894509
3352366036
3352366035
3351782405
3351782399
3350418700
3350392898
3350392897
3350063893
1858929024
1858929022
1858929021
1858929020
3326842930
1690937860
1690937858
1122551484
1769954155
3279665062
3279665059
2218246576
1939356416
1822665858
2711141951
2711141948
738765676
389822527
2439051517
568306560
2459174419
2447531828
2447531823
2447531820
2447508849
2447508848
2447508847
2447508382
2447508380
1353426705
1353426704
1353423837
1353423836
402819183
402819164
