2283635233
2552711522
2552711494
1035502358
3365208248
1178522322
3007894509
3352366036
3352366035
3351782405
3351782399
3350418700
3350392898
3350392897
3350063893
1858929024
1858929022
1858929021
1858929020
3326842930
1690937860
1690937858
1122551484
1769954155
3279665062
3279665059
2218246576
1939356416
1822665858
2711141951
2711141948
738765676
389822527
2439051517
568306560
2459174419
2447531828
2447531823
2447531820
2447508849
2447508848
2447508847
2447508382
2447508380
1353426705
1353426704
1353423837
1353423836
402819183
402819164
402819039
402818821
2938382655
2870388083
3257599846
3257599845
3257599844
1353424247
1353424246
1353424245
1847248663
1847248662
2482336887
2482336886
3225948615
1198960116
1165777226
1165777215
1096255725
1096255724
1096255723
3200935154
3200935143
3182351473
1939356684
1969179726
1969179723
2246934809
3133987406
2867808414
2867808413
2867808412
2867808411
2867808410
2867808381
2867808380
2867808379
2867808378
2867808377
2867808324
2867808323
2867808322
2867808321
2867808320
2867808264
2867808263
2867808262
2867808261
2867808260
2867808186
2867808185
2867808184
2867808183
2867808182
2867808009
2867808008
2867808007
2867808006
2867808005
1150804036
1150804035
754848906
2154544455
2154544422
2154544410
2154544391
2154544384
2154544358
1769971468
2181078199
1811151244
1811151241
190410538
767005660
2710986366
2083078521
2577033890
2576975610
2576975607
2576975606
1606798531
1606798526
1606798519
1606798513
1606798505
1606798495
3006142564
3002967937
3002618549
3002473737
3000152387
983471122
2739123907
2739121129
1482805138
1960629396
2735555313
2735555312
1915260565
1914786289
2975131027
1862702077
2961886166
1769979571
2955258758
2955258474
2953155398
2950620557
2938179072
386037981
749204314
749204155
2246968419
551601660
551601039
864440291
551602361
2626500543
190571877
1909130279
1909130273
1909130260
1743283193
2869642805
2180358154
2806182106
2806182100
2806181384
2806181347
2806181342
2805693161
2805693140
2805686719
2805686716
2805686695
2798543806
2798543771
2798543723
2798543645
2798543547
2798535969
2798535935
2798535888
2798535811
2798535712
2798528043
2798528011
2798527963
2798527887
2798527789
2798520075
2798520040
2798519993
2798519917
2798519820
2798512203
2798512168
2798512120
2798512042
2798511944
2798504362
2798504326
2798504278
2798504199
2798504101
1729862774
1729862773
2738722463
2738707024
2734884809
2734884490
2689132608
2689132343
2689126434
2625660825
2484056882
2484056878
2482133401
2482133399
2457590935
2451069687
2451064977
2446612000
2446611825
2446611583
2446600627
2446600560
2446600353
2446595456
2446590412
2436998637
2283083991
2216306863
781870134
1968854363
1968854128
1952964832
1938982004
1938987024
1904430148
1904430131
1904429967
1858328526
1858325318
1858325264
1858324801
1120697901
549438035
549438030
549438025
115498175
86450748
1811126468
1808199801
1808199660
1345537338
1345537315
1345446794
1345446730
1345442081
1345442016
1345441891
1806784859
1806784634
1769907723
1769907717
1769907709
1741091901
1717884489
1681072946
1681072856
1543441472
1543441466
1543327251
1543327248
1481147275
1394604954
1394604723
1192712031
1175658110
1162268134
1162268053
1150438366
1150438307
1095437747
1095437733
1095437712
788578180
766905040
748410649
748410641
686571200
568223347
1688310
961419523
954045659
954045612
954045579
954045534
954045476
954045398
343097942
567768174
402503353
402503228
402503209
402503196
359367738
39720
